56, 55, 56, 55, 56, 51, 54, 52, 49,  R, 40, 44, 49, 51,  R, 44, 48, 51, 52,  R, 44, 56, 55
16, 16, 16, 16, 16, 16, 16, 16,  8, 16, 16, 16, 16,  8, 16, 16, 16, 16,  8, 16, 16, 16, 16

56, 55, 56, 51, 54, 52, 49,  R, 40, 44, 49, 51,  R, 44, 52, 51, 49,  R, 51, 52, 54,   56, 47, 57, 56
16, 16, 16, 16, 16, 16,  8, 16, 16, 16, 16,  8, 16, 16, 16, 16,  8, 16, 16, 16, 16, 16/3, 16, 16, 16

  54, 45, 56, 54,   52, 44, 54, 52, 51,  R, 44, 56,  R,  R, 56, 68,  R,  R, 55, 56,  R,  R, 55, 56, 55
16/3, 16, 16, 16, 16/3, 16, 16, 16,  8, 16, 16, 16, 16, 16, 16, 16, 16, 16, 16, 16, 16, 16, 16, 16, 16

56, 55, 56, 51, 54, 52, 49,  R, 40, 44, 49, 51,  R, 44, 48, 51, 52,  R, 44, 56, 55, 56, 55, 56, 51, 54, 52
16, 16, 16, 16, 16, 16,  8, 16, 16, 16, 16,  8, 16, 16, 16, 16,  8, 16, 16, 16, 16, 16, 16, 16, 16, 16, 16

49,  R, 40, 44, 49, 51,  R, 44, 52, 51, 49
 8, 16, 16, 16, 16,  8, 16, 16, 16, 16,  4  


=======================================================================================================


R,  R,  R,  R, 25, 32, 37,  R,  R, 20, 32, 36,  R,  R, 25, 32, 37,  R,  R
8,  8,  8,  8, 16, 16, 16, 16,  8, 16, 16, 16, 16,  8, 16, 16, 16, 16,  8

R,  R,  R, 25, 32, 37,  R,  R, 20, 32, 36,  R,  R, 25, 32, 37,  R,  R, 28, 35, 40,  R,  R
8,  8,  8, 16, 16, 16, 16,  8, 16, 16, 16, 16,  8, 16, 16, 16, 16,  8, 16, 16, 16, 16,  8

23, 35, 39,  R,  R, 25, 32, 37,  R,  R, 20, 32, 44,  R, 44, 56,  R,  R, 55, 56,  R,  R, 55, 56,  R,  R
16, 16, 16, 16,  8, 16, 16, 16, 16,  8, 16, 16, 16,  8, 16, 16, 16, 16, 16, 16, 16, 16, 16, 16, 16,  8

R,  R,  R, 25, 32, 37,  R,  R, 20, 32, 36,  R,  R, 25, 32, 37,  R,  R,  R,  R,  R
8,  8,  8, 16, 16, 16, 16,  8, 16, 16, 16, 16,  8, 16, 16, 16, 16,  8,  8,  8,  8

25, 32, 37,  R,  R, 20, 32, 36,  R,  R, 25, 32, 37,  R
16, 16, 16, 16,  8, 16, 16, 16, 16,  8, 16, 16, 16, 16