55, 52, 52, 48, 50, 48, 47, 43, 45, 47, 48, 50, 52, 54, 55,  R, 47, 45, 43, 43, 43, 45, 47, 47, 47, 45, 43
 4,  8,  4,  8,  4,  8,  4,  8,  8,  8,  8,  8,  8,  8,  8,  4,  4,  8,  4,  8,  4,  8,  4,  8,  8,  8,  8

45, 47, 45, 43, 42,  43, 45, 47, 47, 47, 48, 50, 50, 50, 50, 50, 45, 45, 45, 45,  45, 50
 8,  8,  8,  4,  8, 8/5,  8,  4,  8,  4,  8,  4,  8,  4,  8,  8,  8,  8,  4,  8, 8/5,  8

52, 48, 52, 48, 52, 55, 52, 50, 52, 50, 47, 50,  R, 47, 45, 43, 43, 43, 45, 47, 47, 47, 45, 43
 4,  8,  4,  8,  8,  2,  8,  4,  8,  4,  8,  4,  8,  4,  8,  4,  8,  4,  8,  4,  8,  8,  8,  8

45, 47, 45, 43, 42, 43,  R, 45, 47, 45, 43, 43, 43, 45, 47, 47, 47, 45, 43, 45, 47, 45, 43, 42,  43, 45
 8,  8,  8,  4,  8,  8,  8,  8,  4,  8,  4,  8,  4,  8,  4,  8,  8,  8,  8,  8,  8,  8,  4,  8, 8/5,  8

47, 47, 47, 47, 47, 48, 50, 50, 50, 50, 50, 50, 50, 45, 45, 45, 45,  45, 50, 52, 48, 52, 48, 52,  55,  R, 52
 8,  8,  8,  8,  8,  8,  8,  8,  8,  8,  8,  8,  8,  8,  8,  4,  8, 8/5,  8,  4,  8,  4,  8,  8, 8/3,  8,  8

50, 52, 50, 47,  50, 47, 45, 43, 43, 43, 45, 47, 47, 47, 45, 43, 45, 47, 45, 43, 42,  43,  R,  R
 4,  8,  4,  8, 8/3,  4,  8,  4,  8,  4,  8,  4,  8,  8,  8,  8,  8,  8,  8,  4,  8, 8/5,  8,  8


============================================================================================================


 40,  36,  35,  31,  33,  26, 31,  R,  R,   R,  31,  26,  31,  26
8/3, 8/3, 8/3, 8/3, 8/3, 8/3,  8,  8,  8, 8/3, 8/3, 8/3, 8/3, 8/3

 33,  26, 31, 26, 19,  R,  31, 33,  35, 34,  33,  28, 26, 28, 30,  R
8/3, 8/3,  4,  8,  4,  8, 8/5,  8, 8/5,  8, 8/3, 8/3,  4,  8,  4,  8

 36,  36,  37,  37,  38,  35, 31,  R,  26,  31,  26,  31,  26
8/3, 8/3, 8/3, 8/3, 8/3, 8/3,  4,  8, 8/3, 8/3, 8/3, 8/3, 8/3

 33,  26, 31,  R,  R,  26,  31,  26,  31,  26,  33,  26, 31, 26, 19,  R
8/3, 8/3,  8,  8,  8, 8/3, 8/3, 8/3, 8/3, 8/3, 8/3, 8/3,  4,  8,  4,  8

 31, 33,  35, 34,  33,  28, 26, 28, 30,  R,  36,  36,  37,  37
8/5,  8, 8/5,  8, 8/3, 8/3,  4,  8,  4,  8, 8/3, 8/3, 8/3, 8/3

 38,  35, 31,  R,  26,  31,  26,  31,  26,  33,  26, 31, 26, 23, 19,  R,  R
8/3, 8/3,  4,  8, 8/3, 8/3, 8/3, 8/3, 8/3, 8/3, 8/3,  8,  8,  8,  8,  8,  8


============================================================================================================


 28,  24,  23,  19,  21,  14,  R,  R,  R,   R,  19,  14,  19,  14
8/3, 8/3, 8/3, 8/3, 8/3, 8/3,  8,  8,  8, 8/3, 8/3, 8/3, 8/3, 8/3

 21,  14, 19,  R,  R,  R,  19, 21,  23, 22,  21,  16, 14, 16, 18,  R
8/3, 8/3,  4,  8,  4,  8, 8/5,  8, 8/5,  8, 8/3, 8/3,  4,  8,  4,  8

 24,  24,  25,  25,  26,  23, 19,  R,  14,  19,  14,  19,  14
8/3, 8/3, 8/3, 8/3, 8/3, 8/3,  4,  8, 8/3, 8/3, 8/3, 8/3, 8/3

 21,  14, 19,  R,  R,  14,  19,  14,  19,  14,  21,  14, 19,  R,  R,  R
8/3, 8/3,  8,  8,  8, 8/3, 8/3, 8/3, 8/3, 8/3, 8/3, 8/3,  4,  8,  4,  8

 19, 21,  23, 22,  21,  16, 14, 16, 18,  R,  24,  24,  25,  25
8/5,  8, 8/5,  8, 8/3, 8/3,  4,  8,  4,  8, 8/3, 8/3, 8/3, 8/3

 26,  23, 19,  R,  14,  19,  14,  19,  14,  21,  14, 19,  R,  R,  R,  R,  R
8/3, 8/3,  4,  8, 8/3, 8/3, 8/3, 8/3, 8/3, 8/3, 8/3,  8,  8,  8,  8,  8,  8